1915.1.1,168.48193359,0,14.04016,0
1915.1.1,308.88354492,0,14.04016,0
1919.1.1,696.00219727,0,13.92004,0
1920.1.1,547.19238281,0,13.67981,0
1920.1.1,696.00219727,0,13.92004,0
1920.1.1,67.79846191,0,13.55969,0
1921.1.1,930.97706726,1,1.47547428571429,1205
1922.1.1,1000.0,1,6.13669857142857,4827
1923.1.1,1000.0,1,18.3837442857143,8802
1923.1.1,67.49816895,0,13.49963,0
1924.1.1,463.0715332,0,13.61975,0
1924.1.1,1000.0,1,25.82019,10000
1925.1.1,1000.0,1,27.3637228571429,10000
1926.1.1,1000.0,1,29.0950271428571,10000
1926.1.1,683.99047852,0,13.67981,0
1927.1.1,1000.0,1,24.9777014285714,10000
1927.1.1,683.99047852,0,13.67981,0
1928.1.1,13.55969238,0,,0
1928.1.1,2000.0,2,46.4932642857143,19800
1928.1.1,721.8018006,1,1.07412714285714,1009
1929.1.1,2000.0,2,36.8265042857143,20000
1929.1.1,1000.0,1,0.646118571428571,1724
1930.1.1,54.23876953,0,13.55969,0
1930.1.1,3000.0,3,65.7566914285714,29580
1930.1.1,1000.0,1,3.27712285714286,2883
1930.1.1,81.3581543,0,13.55969,0
1931.1.1,27.47973633,0,13.73987,0
1931.1.1,1000.0,1,4.43584,3420
1932.1.1,683.99047852,0,13.67981,0
1932.1.1,686.9934082,0,13.73987,0
1932.1.1,1000.0,1,7.45577571428571,4671
1932.1.1,206.09802246,0,13.73987,0
1932.1.1,316.01696777,0,13.73987,0
1933.1.1,1000.0,1,12.1611428571429,5768
1934.1.1,1000.0,1,16.6585728571429,6648
1935.1.1,1000.0,1,22.6614571428571,7857
1935.1.1,220.79882813,0,13.79993,0
1936.1.1,1000.0,1,30.1749957142857,9571
